Source Program:

/* Another version of factorial */
var f, n;
procedure fact;
	var ans1;
	begin
		ans1 := n;
		n := n - 1;
		if n = 0 then f := 1;
		if n > 0 then call fact;
		f := f * ans1;
	end;

begin
	read n;
	call fact;
	write f;
end.


Lexime List:

29 2 f 17 2 n 18 30 2 fact 18 29 2 ans1 18 21 2 ans1 20 2 n 18 2 n 20 2 n 5 3 1 18 23 2 n 9 3 0 24 2 f 20 3 1 18 23 2 n 13 3 0 24 27 2 fact 18 2 f 20 2 f 6 2 ans1 18 22 18 21 32 2 n 18 27 2 fact 18 31 2 f 18 22 19 

Internal Symbol Representation:

varsym identsym f commasym identsym n semicolonsym procsym identsym fact semicolonsym varsym identsym ans1 semicolonsym beginsym identsym ans1 becomessym identsym n semicolonsym identsym n becomessym identsym n minussym numbersym 1 semicolonsym ifsym identsym n eqlsym numbersym 0 thensym identsym f becomessym numbersym 1 semicolonsym ifsym identsym n gtrsym numbersym 0 thensym callsym identsym fact semicolonsym identsym f becomessym identsym f multsym identsym ans1 semicolonsym endsym semicolonsym beginsym readsym identsym n semicolonsym callsym identsym fact semicolonsym writesym identsym f semicolonsym endsym periodsym 

No errors, program is syntatically correct.


Machine Code: 

7 0 0 27
7 0 0 2
6 0 0 5
3 0 1 5
4 0 0 4
3 0 1 5
1 1 0 1
12 0 0 1
4 0 1 5
3 0 1 5
1 1 0 0
17 0 0 1
8 0 0 16
1 0 0 1
4 0 1 4
7 0 0 16
3 0 1 5
1 1 0 0
21 0 0 1
8 0 0 22
5 0 1 1
7 0 0 22
3 0 1 4
3 1 0 4
13 0 0 1
4 0 1 4
2 0 0 0
6 0 0 6
9 0 0 2
4 0 0 5
5 0 0 1
3 0 0 4
9 0 0 1
9 0 0 3


Program Stack Trace:
Inital Values			pc	pb	sp
0	jmp	0	0	27	 27	1	0	 
RF: 0 0 0 0 0 0 0 0 
27	inc	0	0	6	 28	1	6	 0 1 0 0 0 0 
RF: 0 0 0 0 0 0 0 0 
28	sio	0	0	2	 29	1	6	 0 1 0 0 0 0 
RF: 3 0 0 0 0 0 0 0 
29	sto	0	0	5	 30	1	6	 0 1 0 0 0 3 
RF: 3 0 0 0 0 0 0 0 
30	cal	0	0	1	 1	7	6	 0 1 0 0 0 3 
RF: 3 0 0 0 0 0 0 0 
1	jmp	0	0	2	 2	7	6	 0 1 0 0 0 3 
RF: 3 0 0 0 0 0 0 0 
2	inc	0	0	5	 3	7	11	 0 1 0 0 0 3 | 0 1 1 31 0 
RF: 3 0 0 0 0 0 0 0 
3	lod	0	1	5	 4	7	11	 0 1 0 0 0 3 | 0 1 1 31 0 
RF: 3 0 0 0 0 0 0 0 
4	sto	0	0	4	 5	7	11	 0 1 0 0 0 3 | 0 1 1 31 3 
RF: 3 0 0 0 0 0 0 0 
5	lod	0	1	5	 6	7	11	 0 1 0 0 0 3 | 0 1 1 31 3 
RF: 3 0 0 0 0 0 0 0 
6	lit	1	0	1	 7	7	11	 0 1 0 0 0 3 | 0 1 1 31 3 
RF: 3 1 0 0 0 0 0 0 
7	sub	0	0	1	 8	7	11	 0 1 0 0 0 3 | 0 1 1 31 3 
RF: 2 1 0 0 0 0 0 0 
8	sto	0	1	5	 9	7	11	 0 1 0 0 0 2 | 0 1 1 31 3 
RF: 2 1 0 0 0 0 0 0 
9	lod	0	1	5	 10	7	11	 0 1 0 0 0 2 | 0 1 1 31 3 
RF: 2 1 0 0 0 0 0 0 
10	lit	1	0	0	 11	7	11	 0 1 0 0 0 2 | 0 1 1 31 3 
RF: 2 0 0 0 0 0 0 0 
11	eql	0	0	1	 12	7	11	 0 1 0 0 0 2 | 0 1 1 31 3 
RF: 0 0 0 0 0 0 0 0 
12	jpc	0	0	16	 16	7	11	 0 1 0 0 0 2 | 0 1 1 31 3 
RF: 0 0 0 0 0 0 0 0 
16	lod	0	1	5	 17	7	11	 0 1 0 0 0 2 | 0 1 1 31 3 
RF: 2 0 0 0 0 0 0 0 
17	lit	1	0	0	 18	7	11	 0 1 0 0 0 2 | 0 1 1 31 3 
RF: 2 0 0 0 0 0 0 0 
18	gtr	0	0	1	 19	7	11	 0 1 0 0 0 2 | 0 1 1 31 3 
RF: 1 0 0 0 0 0 0 0 
19	jpc	0	0	22	 20	7	11	 0 1 0 0 0 2 | 0 1 1 31 3 
RF: 1 0 0 0 0 0 0 0 
20	cal	0	1	1	 1	12	11	 0 1 0 0 0 2 | 0 1 1 31 3 
RF: 1 0 0 0 0 0 0 0 
1	jmp	0	0	2	 2	12	11	 0 1 0 0 0 2 | 0 1 1 31 3 
RF: 1 0 0 0 0 0 0 0 
2	inc	0	0	5	 3	12	16	 0 1 0 0 0 2 | 0 1 1 31 3 | 0 1 7 21 0 
RF: 1 0 0 0 0 0 0 0 
3	lod	0	1	5	 4	12	16	 0 1 0 0 0 2 | 0 1 1 31 3 | 0 1 7 21 0 
RF: 2 0 0 0 0 0 0 0 
4	sto	0	0	4	 5	12	16	 0 1 0 0 0 2 | 0 1 1 31 3 | 0 1 7 21 2 
RF: 2 0 0 0 0 0 0 0 
5	lod	0	1	5	 6	12	16	 0 1 0 0 0 2 | 0 1 1 31 3 | 0 1 7 21 2 
RF: 2 0 0 0 0 0 0 0 
6	lit	1	0	1	 7	12	16	 0 1 0 0 0 2 | 0 1 1 31 3 | 0 1 7 21 2 
RF: 2 1 0 0 0 0 0 0 
7	sub	0	0	1	 8	12	16	 0 1 0 0 0 2 | 0 1 1 31 3 | 0 1 7 21 2 
RF: 1 1 0 0 0 0 0 0 
8	sto	0	1	5	 9	12	16	 0 1 0 0 0 1 | 0 1 1 31 3 | 0 1 7 21 2 
RF: 1 1 0 0 0 0 0 0 
9	lod	0	1	5	 10	12	16	 0 1 0 0 0 1 | 0 1 1 31 3 | 0 1 7 21 2 
RF: 1 1 0 0 0 0 0 0 
10	lit	1	0	0	 11	12	16	 0 1 0 0 0 1 | 0 1 1 31 3 | 0 1 7 21 2 
RF: 1 0 0 0 0 0 0 0 
11	eql	0	0	1	 12	12	16	 0 1 0 0 0 1 | 0 1 1 31 3 | 0 1 7 21 2 
RF: 0 0 0 0 0 0 0 0 
12	jpc	0	0	16	 16	12	16	 0 1 0 0 0 1 | 0 1 1 31 3 | 0 1 7 21 2 
RF: 0 0 0 0 0 0 0 0 
16	lod	0	1	5	 17	12	16	 0 1 0 0 0 1 | 0 1 1 31 3 | 0 1 7 21 2 
RF: 1 0 0 0 0 0 0 0 
17	lit	1	0	0	 18	12	16	 0 1 0 0 0 1 | 0 1 1 31 3 | 0 1 7 21 2 
RF: 1 0 0 0 0 0 0 0 
18	gtr	0	0	1	 19	12	16	 0 1 0 0 0 1 | 0 1 1 31 3 | 0 1 7 21 2 
RF: 1 0 0 0 0 0 0 0 
19	jpc	0	0	22	 20	12	16	 0 1 0 0 0 1 | 0 1 1 31 3 | 0 1 7 21 2 
RF: 1 0 0 0 0 0 0 0 
20	cal	0	1	1	 1	17	16	 0 1 0 0 0 1 | 0 1 1 31 3 | 0 1 7 21 2 
RF: 1 0 0 0 0 0 0 0 
1	jmp	0	0	2	 2	17	16	 0 1 0 0 0 1 | 0 1 1 31 3 | 0 1 7 21 2 
RF: 1 0 0 0 0 0 0 0 
2	inc	0	0	5	 3	17	21	 0 1 0 0 0 1 | 0 1 1 31 3 | 0 1 7 21 2 | 0 1 12 21 0 
RF: 1 0 0 0 0 0 0 0 
3	lod	0	1	5	 4	17	21	 0 1 0 0 0 1 | 0 1 1 31 3 | 0 1 7 21 2 | 0 1 12 21 0 
RF: 1 0 0 0 0 0 0 0 
4	sto	0	0	4	 5	17	21	 0 1 0 0 0 1 | 0 1 1 31 3 | 0 1 7 21 2 | 0 1 12 21 1 
RF: 1 0 0 0 0 0 0 0 
5	lod	0	1	5	 6	17	21	 0 1 0 0 0 1 | 0 1 1 31 3 | 0 1 7 21 2 | 0 1 12 21 1 
RF: 1 0 0 0 0 0 0 0 
6	lit	1	0	1	 7	17	21	 0 1 0 0 0 1 | 0 1 1 31 3 | 0 1 7 21 2 | 0 1 12 21 1 
RF: 1 1 0 0 0 0 0 0 
7	sub	0	0	1	 8	17	21	 0 1 0 0 0 1 | 0 1 1 31 3 | 0 1 7 21 2 | 0 1 12 21 1 
RF: 0 1 0 0 0 0 0 0 
8	sto	0	1	5	 9	17	21	 0 1 0 0 0 0 | 0 1 1 31 3 | 0 1 7 21 2 | 0 1 12 21 1 
RF: 0 1 0 0 0 0 0 0 
9	lod	0	1	5	 10	17	21	 0 1 0 0 0 0 | 0 1 1 31 3 | 0 1 7 21 2 | 0 1 12 21 1 
RF: 0 1 0 0 0 0 0 0 
10	lit	1	0	0	 11	17	21	 0 1 0 0 0 0 | 0 1 1 31 3 | 0 1 7 21 2 | 0 1 12 21 1 
RF: 0 0 0 0 0 0 0 0 
11	eql	0	0	1	 12	17	21	 0 1 0 0 0 0 | 0 1 1 31 3 | 0 1 7 21 2 | 0 1 12 21 1 
RF: 1 0 0 0 0 0 0 0 
12	jpc	0	0	16	 13	17	21	 0 1 0 0 0 0 | 0 1 1 31 3 | 0 1 7 21 2 | 0 1 12 21 1 
RF: 1 0 0 0 0 0 0 0 
13	lit	0	0	1	 14	17	21	 0 1 0 0 0 0 | 0 1 1 31 3 | 0 1 7 21 2 | 0 1 12 21 1 
RF: 1 0 0 0 0 0 0 0 
14	sto	0	1	4	 15	17	21	 0 1 0 0 1 0 | 0 1 1 31 3 | 0 1 7 21 2 | 0 1 12 21 1 
RF: 1 0 0 0 0 0 0 0 
15	jmp	0	0	16	 16	17	21	 0 1 0 0 1 0 | 0 1 1 31 3 | 0 1 7 21 2 | 0 1 12 21 1 
RF: 1 0 0 0 0 0 0 0 
16	lod	0	1	5	 17	17	21	 0 1 0 0 1 0 | 0 1 1 31 3 | 0 1 7 21 2 | 0 1 12 21 1 
RF: 0 0 0 0 0 0 0 0 
17	lit	1	0	0	 18	17	21	 0 1 0 0 1 0 | 0 1 1 31 3 | 0 1 7 21 2 | 0 1 12 21 1 
RF: 0 0 0 0 0 0 0 0 
18	gtr	0	0	1	 19	17	21	 0 1 0 0 1 0 | 0 1 1 31 3 | 0 1 7 21 2 | 0 1 12 21 1 
RF: 0 0 0 0 0 0 0 0 
19	jpc	0	0	22	 22	17	21	 0 1 0 0 1 0 | 0 1 1 31 3 | 0 1 7 21 2 | 0 1 12 21 1 
RF: 0 0 0 0 0 0 0 0 
22	lod	0	1	4	 23	17	21	 0 1 0 0 1 0 | 0 1 1 31 3 | 0 1 7 21 2 | 0 1 12 21 1 
RF: 1 0 0 0 0 0 0 0 
23	lod	1	0	4	 24	17	21	 0 1 0 0 1 0 | 0 1 1 31 3 | 0 1 7 21 2 | 0 1 12 21 1 
RF: 1 1 0 0 0 0 0 0 
24	mul	0	0	1	 25	17	21	 0 1 0 0 1 0 | 0 1 1 31 3 | 0 1 7 21 2 | 0 1 12 21 1 
RF: 1 1 0 0 0 0 0 0 
25	sto	0	1	4	 26	17	21	 0 1 0 0 1 0 | 0 1 1 31 3 | 0 1 7 21 2 | 0 1 12 21 1 
RF: 1 1 0 0 0 0 0 0 
26	rtn	0	0	0	 21	12	16	 0 1 0 0 1 0 | 0 1 1 31 3 | 0 1 7 21 2 
RF: 1 1 0 0 0 0 0 0 
21	jmp	0	0	22	 22	12	16	 0 1 0 0 1 0 | 0 1 1 31 3 | 0 1 7 21 2 
RF: 1 1 0 0 0 0 0 0 
22	lod	0	1	4	 23	12	16	 0 1 0 0 1 0 | 0 1 1 31 3 | 0 1 7 21 2 
RF: 1 1 0 0 0 0 0 0 
23	lod	1	0	4	 24	12	16	 0 1 0 0 1 0 | 0 1 1 31 3 | 0 1 7 21 2 
RF: 1 2 0 0 0 0 0 0 
24	mul	0	0	1	 25	12	16	 0 1 0 0 1 0 | 0 1 1 31 3 | 0 1 7 21 2 
RF: 2 2 0 0 0 0 0 0 
25	sto	0	1	4	 26	12	16	 0 1 0 0 2 0 | 0 1 1 31 3 | 0 1 7 21 2 
RF: 2 2 0 0 0 0 0 0 
26	rtn	0	0	0	 21	7	11	 0 1 0 0 2 0 | 0 1 1 31 3 
RF: 2 2 0 0 0 0 0 0 
21	jmp	0	0	22	 22	7	11	 0 1 0 0 2 0 | 0 1 1 31 3 
RF: 2 2 0 0 0 0 0 0 
22	lod	0	1	4	 23	7	11	 0 1 0 0 2 0 | 0 1 1 31 3 
RF: 2 2 0 0 0 0 0 0 
23	lod	1	0	4	 24	7	11	 0 1 0 0 2 0 | 0 1 1 31 3 
RF: 2 3 0 0 0 0 0 0 
24	mul	0	0	1	 25	7	11	 0 1 0 0 2 0 | 0 1 1 31 3 
RF: 6 3 0 0 0 0 0 0 
25	sto	0	1	4	 26	7	11	 0 1 0 0 6 0 | 0 1 1 31 3 
RF: 6 3 0 0 0 0 0 0 
26	rtn	0	0	0	 31	1	6	 0 1 0 0 6 0 
RF: 6 3 0 0 0 0 0 0 
31	lod	0	0	4	 32	1	6	 0 1 0 0 6 0 
RF: 6 3 0 0 0 0 0 0 
32	sio	0	0	1	 33	1	6	 0 1 0 0 6 0 
RF: 6 3 0 0 0 0 0 0 
Print:  6
33	sio	0	0	3	 0	1	0	 0
RF: 6 3 0 0 0 0 0 0 

Program Output:
6
